0 29.999999998 0.000304222 -12.566360235 -0.391675691 -0.391680461 0.588719876 0.588715106
1 28.843105556 6.785945315 -12.050898431 -0.340202979 -0.442870297 0.643582658 0.523382456
2 26.530845593 12.989807194 -12.070885661 -0.277217774 -0.483784737 0.688963637 0.463067750
3 23.163148385 18.524288322 -12.171877654 -0.211672839 -0.515306589 0.728255175 0.399121697
4 18.722141804 23.700272595 -12.494201217 -0.136212039 -0.539296447 0.761076094 0.333719646
5 12.581964906 27.967226759 -12.874840995 -0.050897290 -0.551911926 0.789374608 0.263989430
6 5.611309525 30.915226255 -13.892555487 0.037263800 -0.545496941 0.813686482 0.197379851
7 -3.130564059 31.547440257 -14.467231142 0.139187628 -0.524026444 0.830722841 0.126184991
8 -11.977490380 29.687433722 -14.747132360 0.245122820 -0.481581163 0.838849798 0.065767794
9 -20.402047977 24.724286501 -14.197993378 0.370183883 -0.402973072 0.836110937 0.038666476
10 -27.086222651 17.525318206 -13.381076155 0.490985070 -0.264656750 0.827944566 0.058294612
11 -30.965276354 8.954372847 -11.982837697 0.573939506 0.000596932 0.788538748 0.220906608
12 -32.167185040 0.297652287 -10.532472267 0.395153088 0.439216497 0.539667258 0.599751745
13 -31.093355333 -7.321739427 -9.320584752 -0.060843988 0.600677934 0.106754965 0.789992029
14 -28.625623671 -14.338893171 -8.362825406 -0.324761980 0.522474491 -0.072667319 0.785028358
15 -24.804661877 -20.919235049 -7.903443942 -0.459812316 0.417305124 -0.108974794 0.776243236
16 -19.509106293 -26.846167872 -7.674919804 -0.537456322 0.319187524 -0.081782746 0.776254861
17 -12.226941008 -31.623663523 -7.315455980 -0.590862403 0.221065938 -0.020443005 0.775624623
18 -3.151063214 -34.002182848 -7.024733418 -0.623757812 0.114631112 0.055525814 0.771169750
19 6.273743390 -33.583241675 -6.634936103 -0.638053163 0.010885931 0.141225328 0.756852075
20 15.183663055 -30.511733665 -6.346277761 -0.634505711 -0.089269589 0.231185420 0.732111156
21 22.465636024 -25.541745032 -6.286890393 -0.615000481 -0.180253740 0.313793820 0.700582927
22 28.142219468 -18.814850507 -6.349126358 -0.581828183 -0.265440016 0.395936942 0.658977618
23 31.993835582 -11.032664404 -6.537831301 -0.536360267 -0.344217004 0.471601340 0.609446055
24 33.431553505 -2.494531557 -6.783421435 -0.479542215 -0.414579021 0.544369306 0.549386529
25 32.951757285 5.662031003 -7.056409233 -0.416363517 -0.473291117 0.604576171 0.486954406
26 30.618937484 13.610508060 -7.391623127 -0.344215372 -0.523963221 0.657250256 0.418330517
27 26.289580342 20.996184430 -7.683442903 -0.262378113 -0.566307152 0.702036179 0.342927310
28 20.160598912 26.937591004 -7.907529844 -0.175032571 -0.596785972 0.737312590 0.263780680
29 12.081918183 30.965281960 -7.749185457 -0.078665353 -0.618048597 0.762136531 0.175998867
30 3.069270097 33.362087464 -7.861006896 0.026691636 -0.622358669 0.776919039 0.091400492
31 -5.065131904 32.602714662 -7.387758097 0.116468187 -0.616428387 0.778709340 0.007935374
32 -12.879147397 29.930843162 -6.901112385 0.216356223 -0.594253109 0.772175808 -0.061625869
33 -20.402172626 25.655701732 -6.402239981 0.320401409 -0.552962821 0.758131615 -0.129659206
34 -26.533281128 19.588291983 -5.882418549 0.429965277 -0.481550581 0.743598180 -0.174070808
35 -30.918006765 11.682730812 -5.467713509 0.563374479 -0.323608689 0.747566726 -0.137951449
36 -32.738123488 2.629911097 -4.171447052 0.467753111 0.472882299 0.492154958 0.561580676
37 -32.095645067 -5.501504888 -3.182249935 -0.360105198 0.571939851 -0.273191719 0.684525630
38 -29.477285367 -14.086901806 -2.299408716 -0.529522817 0.435564251 -0.303250576 0.661761632
39 -25.031960020 -20.935242857 -1.603210643 -0.606107631 0.335930654 -0.260448529 0.672272786
40 -19.113168426 -26.854529985 -0.876806712 -0.657432469 0.242570575 -0.194319954 0.686426850
41 -11.892694089 -31.417299283 -0.472140393 -0.688667330 0.150964773 -0.117061747 0.699459429
42 -3.194775538 -33.836531736 -0.003078691 -0.707476093 0.060215217 -0.026346893 0.703674318
43 6.286208071 -33.659727652 0.287963676 -0.711749104 -0.040177819 0.067842527 0.697994518
44 15.064727753 -31.136900554 0.453344030 -0.701596701 -0.134784777 0.156349094 0.682019130
45 22.921904283 -26.285733615 0.469758093 -0.679131791 -0.222831766 0.249138163 0.653495363
46 29.196476861 -19.635077792 0.473311514 -0.644200163 -0.309614827 0.333199346 0.614917072
47 33.737352366 -11.825930619 0.215197664 -0.598378687 -0.386405918 0.412592810 0.567803299
48 36.051898300 -2.778359711 0.005599587 -0.540912360 -0.460249559 0.486225890 0.509085991
49 36.139546827 7.042574717 -0.183350681 -0.471940831 -0.528584224 0.552527035 0.438844444
50 33.100372346 16.365416360 -0.443456235 -0.394262408 -0.585626311 0.609968069 0.359913784
51 27.927998887 24.498885510 -0.553144010 -0.310316825 -0.633055613 0.653242976 0.276075484
52 20.316112867 31.335061189 -0.715510594 -0.217803732 -0.668907369 0.687040787 0.181932472
53 12.109414841 35.113903954 -0.623399667 -0.133175351 -0.691569284 0.703802514 0.093049841
54 3.440136613 36.788859338 -0.494425288 -0.049780342 -0.703729298 0.708688090 0.006941510
55 -5.727599096 36.726336246 -0.194166028 -0.035813269 0.707584109 -0.700489442 0.085771092
56 -14.750902996 33.847987087 0.191202646 -0.124195920 0.701422624 -0.678341993 0.180093910
57 -23.282519280 28.315565406 0.852147316 -0.199526070 0.690239233 -0.630783013 0.293039143
58 -29.948839483 20.474357420 1.751056970 -0.259643261 0.679246384 -0.550676012 0.409836133
59 -33.639350197 11.950804358 2.503323976 -0.225264831 0.699118011 -0.393246123 0.553034582
60 -34.995537027 2.216738685 3.331417953 0.518679196 0.531314421 0.454397405 0.492138065
61 -33.395804759 -6.764567941 4.276525463 0.731655044 -0.175470187 0.587752211 -0.297386026
62 -29.913961177 -14.689824268 5.287648676 0.730176788 -0.221717595 0.458797560 -0.455179047
63 -25.020457543 -21.842023361 5.767271283 -0.744946579 0.182920494 -0.356227397 0.533569798
64 -19.018822203 -27.365374616 6.465832053 -0.762842204 0.125223894 -0.265692437 0.576019337
65 -11.205127949 -31.572482197 6.818846354 -0.773686780 0.051724432 -0.169901674 0.608166730
66 -2.110147245 -33.704590810 7.296407768 -0.778607964 -0.033176648 -0.069605685 0.622755167
67 7.100471563 -33.334471679 7.462446894 -0.770776209 -0.119998387 0.022073265 0.625313676
68 16.214124780 -30.342476677 7.626370733 -0.752775524 -0.209030081 0.118432818 0.612869565
69 23.998918664 -24.876161990 7.615529873 -0.723991165 -0.293982066 0.211712052 0.587017329
70 30.417301804 -17.748367785 7.601891992 -0.683578439 -0.377400777 0.297718480 0.549229348
71 34.433591298 -8.973903428 7.432040271 0.632715355 0.455110838 -0.379286387 -0.498685513
72 35.958352655 0.333625114 7.185639077 0.573772492 0.524613723 -0.450544513 -0.438833921
73 35.007118378 9.810749973 6.913669224 0.505066287 0.587841221 -0.512960738 -0.369082683
74 31.717428828 18.646418452 6.816727780 0.431041850 0.642916757 -0.561941113 -0.291690166
75 26.862011738 25.755781921 6.742544957 0.360616234 0.683965437 -0.596589184 -0.215008276
76 20.071873155 32.099214772 6.890766275 0.280785033 0.720991026 -0.620632823 -0.127069289
77 11.907532451 36.301679087 7.163064850 0.202635962 0.748780474 -0.630023186 -0.036568470
78 2.318371955 38.364833601 7.348277169 0.121940335 0.767342068 -0.626289940 0.063856207
79 -7.345758180 38.010365854 7.841060216 0.049219044 0.778787044 -0.602884424 0.166128252
80 -16.531042825 34.539640446 8.218635899 -0.010747573 0.783717392 -0.557958073 0.272679900
81 -24.745703582 29.031947857 8.846708965 -0.044421544 0.787357747 -0.478523663 0.386147133
82 -31.191148428 21.361227820 9.528702662 -0.018824487 0.793436445 -0.337195718 0.506362808
83 -35.116221540 12.233674118 10.229981523 0.149004104 0.785616115 -0.062686868 0.597223118
84 -36.378834589 2.576604151 10.821432334 0.564056405 0.573843908 0.405144284 0.434052589
85 -35.044657608 -7.326565309 11.506715643 0.788069581 0.187905818 0.586105126 -0.010886691
86 -31.198926336 -15.897005954 12.095161299 0.815056337 0.024676299 0.512839139 -0.268459057
87 -25.610068713 -22.965725413 12.592465941 0.819694471 -0.007239112 0.409861453 -0.400077692
88 -18.666746047 -28.796557063 13.401634969 0.824866419 0.017540238 0.307452196 -0.474089526
89 -10.238670555 -32.970763758 13.845421577 -0.823641752 -0.072087678 -0.208524759 0.522431867
90 -0.607746354 -34.701704089 14.548248619 -0.819142485 -0.140517923 -0.107706770 0.545581849
91 9.499228916 -33.343991685 14.731346605 -0.803576155 -0.218054507 -0.003550503 0.553809524
92 18.401630519 -29.787786189 15.023679588 -0.780859056 -0.293780089 0.088419726 0.544182273
93 26.032470227 -23.242507762 14.834661361 -0.744755684 -0.375704029 0.181449110 0.520827874
94 31.692793230 -15.816867365 14.910399462 0.704213649 0.447431163 -0.261974727 -0.485033743
95 35.383577099 -7.203639019 14.963968391 0.654747798 0.516733093 -0.334393674 -0.438717566
