0 29.999999998 0.000304222 -12.566360235 -0.391675691 -0.391680461 0.588719876 0.588715106
1 28.915567714 6.818334006 -12.101789088 -0.339249379 -0.443297384 0.642920833 0.524452183
2 26.166233749 13.995603702 -12.045769602 -0.267139351 -0.490751846 0.693830335 0.454311190
3 21.553051275 20.319585169 -11.964422976 -0.185890187 -0.527708278 0.736887855 0.379427333
4 15.116329828 25.420010457 -11.830474598 -0.094271208 -0.552966653 0.772245445 0.298291458
5 8.156875334 28.330567316 -11.646785710 -0.004527168 -0.562658000 0.795957698 0.223264021
6 0.781070109 29.462306466 -11.451416462 0.088104140 -0.558068255 0.811145625 0.151129939
7 -6.799420412 28.642428708 -11.245169986 0.186026402 -0.535921756 0.819175749 0.084457930
8 -13.715008832 26.059416261 -11.057100832 0.283695236 -0.493810156 0.821369798 0.031940542
9 -21.327056971 20.513712829 -10.700242311 0.408175273 -0.404216921 0.818473676 -0.010122673
10 -25.815780127 14.535204470 -10.339773118 0.510317855 -0.273174120 0.815218308 0.019253468
11 -28.889841666 7.217709472 -9.914251983 0.584702372 -0.011598368 0.790583451 0.181566574
12 -29.817508404 0.292341718 -9.568422729 0.414793604 0.418294914 0.561624610 0.580993484
13 -29.016196556 -7.469922787 -9.229203656 -0.043206915 0.592157950 0.141510955 0.792121692
14 -26.001180901 -14.744584967 -8.711047252 -0.316562085 0.509524966 -0.032880843 0.799432052
15 -21.513143812 -20.878367367 -8.385293988 -0.453829001 0.398498625 -0.064540963 0.794400748
16 -15.559916428 -25.778959523 -8.094970246 -0.533871658 0.290733539 -0.036137557 0.793189221
17 -8.982890081 -28.714020093 -7.767614125 -0.580319843 0.193614386 0.013331495 0.790926432
18 -0.583296728 -30.016104264 -7.445760713 -0.609951963 0.080696034 0.088169835 0.783372729
19 7.631280116 -29.044302363 -7.030323812 -0.620029017 -0.024673477 0.170035153 0.765534640
20 14.633418771 -26.234670176 -6.741675088 -0.613153255 -0.116621896 0.247616332 0.741032099
21 21.547034869 -20.991346756 -6.422872935 -0.588883349 -0.218919510 0.334211110 0.702562156
22 25.859656322 -15.391182432 -6.181381481 -0.557955975 -0.295395801 0.405474761 0.661072362
23 28.734267697 -8.669089931 -5.948958922 -0.514957414 -0.369812955 0.474081184 0.610986310
24 29.932700140 -2.136948123 -5.879731687 -0.467296554 -0.429878115 0.534368107 0.557933207
25 29.509138155 5.183080142 -5.808613030 -0.406316130 -0.489113309 0.593397189 0.493513069
26 27.155332368 12.182085439 -5.678421346 -0.336777033 -0.540886128 0.644286447 0.422987471
27 22.515396777 19.323631270 -5.709456413 -0.247736795 -0.586659556 0.693536622 0.336844176
28 16.404036469 24.677225462 -5.630991103 -0.156873654 -0.618280810 0.728539914 0.249697997
29 10.203009070 27.527742948 -5.426018010 -0.076833286 -0.635266135 0.748797348 0.172731337
30 2.317653022 29.251705967 -5.389990886 0.022530632 -0.640024175 0.763438262 0.083806004
31 -5.185164786 28.816635065 -5.220501578 0.116247136 -0.631792362 0.766370588 0.001066203
32 -12.160952079 26.643538877 -5.018534472 0.210282260 -0.609727201 0.760688126 -0.073264493
33 -18.121206473 22.968999984 -4.797337014 0.305016492 -0.571511905 0.750121452 -0.132879225
34 -23.991928064 16.758663644 -4.500580397 0.423012423 -0.495227389 0.735449509 -0.186880558
35 -27.306542544 11.042429918 -4.253931150 0.551273025 -0.352807579 0.744451979 -0.131970129
36 -29.399831080 1.887260635 -3.769027961 0.476854397 0.456970232 0.503356185 0.557154056
37 -29.140201754 -5.367145076 -3.229279155 -0.341238888 0.573500629 -0.267264270 0.695142330
38 -26.728089994 -13.016121696 -2.723164815 -0.511210597 0.438353141 -0.302699135 0.674450505
39 -22.464019781 -19.596468270 -2.272521392 -0.592269443 0.331506671 -0.256503182 0.688132511
40 -16.620503155 -24.860304270 -1.645863020 -0.646261350 0.231557610 -0.185850404 0.702984330
41 -9.526675108 -28.455375617 -1.088889553 -0.680566358 0.132154212 -0.102743404 0.713308131
42 -2.734318474 -30.014398684 -0.659714152 -0.696914900 0.047234824 -0.025146926 0.715154617
43 5.843561397 -29.610790903 -0.274783244 -0.700528665 -0.059025990 0.073231611 0.707398511
44 13.675147603 -26.861477716 0.118839552 -0.689619693 -0.158922124 0.168159178 0.686214929
45 20.591138819 -22.033571062 0.388177539 -0.663200557 -0.256025674 0.262066390 0.652638554
46 25.353922203 -16.227711613 0.611249563 -0.627923068 -0.338712710 0.341353153 0.611934919
47 28.625493338 -9.401301713 0.693966174 -0.582034334 -0.414440832 0.417886858 0.561110867
48 30.076642461 -1.901811958 0.797598994 -0.526277821 -0.485089865 0.486817624 0.500727549
49 29.426910038 5.825302296 0.860858802 -0.461190378 -0.548349270 0.548719424 0.430724398
50 26.688832865 13.462844199 0.796206273 -0.384635909 -0.603655372 0.604309799 0.349950105
51 22.424644034 19.476134546 0.769218465 0.308908732 0.645334093 -0.644309980 -0.270155425
52 16.540310719 24.576808850 0.697792703 0.224086105 0.678605640 -0.675676384 -0.180945370
53 9.582412411 28.025930604 0.714231640 0.136835912 0.701603625 -0.693713551 -0.088259822
54 1.420230097 29.526069357 0.732253807 0.042765829 0.713762918 -0.698949470 0.013535847
55 -5.245892166 28.980470325 0.828991135 -0.031086978 0.715536340 -0.690849956 0.098831595
56 -13.061289270 26.378533491 0.966730959 -0.119332815 0.707779136 -0.666320659 0.202052353
57 -19.913683658 21.645757214 1.219510096 -0.197495924 0.693123965 -0.620190617 0.309738806
58 -24.387902253 16.401119112 1.547950784 -0.237082160 0.684725049 -0.552991701 0.411271001
59 -28.217791033 8.413459733 1.956958579 -0.215133894 0.696794663 -0.383941793 0.566377352
60 -29.480791481 0.985959089 2.425266905 0.522075208 0.516986005 0.461854091 0.496843786
61 -28.810126192 -6.559972077 2.874340963 0.715899912 -0.185525413 0.600624448 -0.303838624
62 -25.999973896 -14.018389665 3.516426244 0.713917815 -0.219751456 0.470432074 -0.469813064
63 -21.306388034 -20.569363459 4.103371824 -0.733810843 0.171025307 -0.360462366 0.549853501
64 -15.125111411 -25.478950378 4.680609654 -0.753126039 0.100559195 -0.257440338 0.597003760
65 -7.915245264 -28.616104160 5.147888681 -0.764363269 0.020173713 -0.156842548 0.625093777
66 -0.357160931 -29.646288433 5.629605031 -0.767356385 -0.062900152 -0.060803378 0.635224919
67 7.088458626 -28.713552661 5.989261514 -0.759517506 -0.147433571 0.031383754 0.632780816
68 13.980991734 -26.112696565 6.294441081 -0.742055708 -0.229481626 0.119924337 0.618311946
69 21.498412855 -20.162259319 6.589234660 -0.705040056 -0.333799626 0.231081955 0.581461486
70 25.661196620 -14.529804141 6.730860361 -0.667175392 -0.406812620 0.306667978 0.543447550
71 28.612907413 -6.627060857 6.808817707 0.612115772 0.487252655 -0.390271279 -0.485373526
72 29.410334940 0.338575950 6.804738593 0.556830324 0.549215076 -0.452181865 -0.428759084
73 28.144627988 8.236141560 6.762466482 0.487601319 0.611013224 -0.512867944 -0.354787634
74 25.024034763 15.383116184 6.691862987 0.413295248 0.662412971 -0.561212268 -0.274657760
75 20.760219240 20.755835167 6.675156715 0.342974594 0.701115141 -0.592716324 -0.198729329
76 14.118850005 25.812900459 6.623851898 0.256023286 0.736526725 -0.617986191 -0.100366969
77 7.441123686 28.385603715 6.641464046 0.180749251 0.758752220 -0.625689703 -0.011712061
78 -1.225242309 29.478499177 6.679741772 0.091288800 0.774694849 -0.617777100 0.099326234
79 -8.640454385 28.236028643 6.875671009 0.022475789 0.781646862 -0.590651255 0.199133415
80 -15.728396880 25.020161552 7.065040423 -0.036200023 0.782947312 -0.541140631 0.304712787
81 -20.978004354 20.799109926 7.333907382 -0.058122317 0.784368876 -0.467144122 0.403935184
82 -25.835872562 14.285746929 7.769631076 -0.036394327 0.790012463 -0.323086836 0.519779432
83 -28.469894348 7.748559116 8.219825223 0.141135539 0.782754198 -0.056679030 0.603460117
84 -29.515009443 0.353149274 8.765906820 0.557881616 0.574153447 0.408978366 0.438009839
85 -28.475365416 -7.145703134 9.403839754 0.785095997 0.187176423 0.590412396 -0.001569944
86 -25.420291523 -14.630219230 10.052606841 0.812579814 0.031328597 0.517430517 -0.266454922
87 -21.114492643 -20.175144273 10.529575561 0.817858909 -0.001988575 0.419013627 -0.394373466
88 -14.825849701 -25.113538757 11.280375446 0.824365994 0.029910502 0.307981143 -0.473997558
89 -7.578629309 -28.150925041 11.741927232 -0.824347058 -0.086210620 -0.202691065 0.521474821
90 -0.753489883 -29.115103864 12.212302600 -0.820500049 -0.143534794 -0.112260560 0.541825617
91 6.746492474 -28.263798577 12.621432410 -0.808431984 -0.215482126 -0.016110191 0.547490313
92 14.141788199 -25.422686991 12.877725593 -0.785191460 -0.294232844 0.080857343 0.538853871
93 20.840109209 -20.215349390 13.041838823 -0.750550634 -0.377217489 0.180454915 0.511680306
94 25.568436082 -13.998492126 13.046964575 0.707523439 0.451841516 -0.263987857 -0.474931826
95 28.503308896 -6.297540548 12.867187496 0.653372760 0.524339461 -0.344985755 -0.423269412
