0 29.999999998 0.000304222 -12.566360235 -0.391675691 -0.391680461 0.588719876 0.588715106
1 28.915567714 6.818334006 -12.101789088 -0.339249379 -0.443297384 0.642920833 0.524452183
2 27.172102138 14.934886683 -13.192877127 -0.260218902 -0.486825602 0.698580991 0.455270859
3 22.869915296 21.618939342 -13.459467293 -0.181956684 -0.520382768 0.740998653 0.383424746
4 16.332038138 27.713470706 -13.715951057 -0.088694418 -0.544599005 0.777003882 0.303001966
5 8.456735293 29.876352362 -12.688380078 0.000532689 -0.557932779 0.798226963 0.227034018
6 0.839174713 30.863980564 -12.368293766 0.092219438 -0.553199473 0.812759234 0.157760410
7 -6.747877853 29.131386931 -11.206750096 0.189902178 -0.537406352 0.816436628 0.092535444
8 -14.160560493 27.927962326 -11.760453706 0.285009404 -0.493256457 0.820706519 0.043686574
9 -23.218860507 24.514041393 -13.704001397 0.392742450 -0.398105448 0.828935549 0.011457536
10 -26.475631706 17.065909437 -10.938239245 0.504350351 -0.287438905 0.813004203 0.045097292
11 -29.631390505 10.367191566 -10.322726546 0.585997304 -0.041115813 0.780172531 0.215052254
12 -31.183104251 3.444309832 -9.860888791 0.440334950 0.396851284 0.532422389 0.604268640
13 -32.214083758 -5.926587626 -11.252287460 -0.023666352 0.579950444 0.113768662 0.806321324
14 -29.358292397 -14.785515701 -10.589570945 -0.303526751 0.503941387 -0.060312151 0.806397566
15 -24.670151746 -21.428633763 -9.549287512 -0.443338003 0.403793896 -0.093774276 0.794737875
16 -18.586181356 -27.087888665 -9.008680884 -0.526438503 0.300770770 -0.067109292 0.792398757
17 -10.891285519 -30.767276161 -8.055263828 -0.583463803 0.199126950 -0.010107939 0.787284115
18 -2.729725142 -33.296366201 -8.215678990 -0.609065836 0.096664371 0.056661699 0.785165116
19 5.702649174 -31.583797309 -6.641117971 -0.630550094 -0.002231361 0.135201790 0.764278795
20 13.266132827 -29.625582524 -6.530964370 -0.626467959 -0.090059309 0.212079364 0.744613699
21 20.537503423 -25.857403748 -6.631636565 -0.608106815 -0.176727219 0.291213382 0.717055338
22 27.229644193 -19.942216452 -6.860564442 -0.574363717 -0.264746215 0.372927484 0.678926251
23 28.601140169 -12.235752576 -5.614525063 -0.542420365 -0.339294257 0.438905433 0.630889511
24 30.501068725 -5.414862184 -5.626048621 -0.495538358 -0.403891898 0.503205163 0.581461636
25 31.485917144 1.860876763 -5.858461015 -0.439280737 -0.462597955 0.563988648 0.524359009
26 29.711788583 8.720912628 -5.827009895 -0.377617115 -0.512914969 0.616227328 0.463235824
27 28.951644379 19.476044419 -7.258878447 -0.283117000 -0.563731998 0.677273981 0.378617160
28 22.586290876 26.419390774 -7.139567239 -0.195485191 -0.600870765 0.717016401 0.294325236
29 14.448288115 30.301894410 -6.735127250 -0.104824652 -0.624810627 0.744488388 0.210619353
30 7.157476640 33.852848063 -6.940503562 -0.018098059 -0.633629851 0.761624929 0.134585067
31 -1.702055625 32.204378413 -5.860233524 0.077282267 -0.635836274 0.766315387 0.050004118
32 -9.240454016 31.607763415 -5.839348613 0.167486321 -0.620066727 0.766231561 -0.018835650
33 -16.559362918 28.538069238 -5.526510558 0.265962909 -0.588901243 0.758994567 -0.079914354
34 -26.244532326 24.802402266 -6.467253013 0.386936343 -0.512313419 0.754855200 -0.134197074
35 -30.139093910 16.778377499 -5.252995846 0.531982320 -0.377007292 0.753512893 -0.084134616
36 -35.851729185 5.931156708 -5.709753177 0.481084133 0.436241265 0.478153463 0.591287478
37 -35.238698909 -3.046755107 -4.089573461 -0.325067188 0.580726959 -0.304916562 0.681258697
38 -32.909155535 -11.646181068 -2.924415057 -0.496721233 0.460730109 -0.341457396 0.651461917
39 -29.399712157 -19.626871084 -2.464642158 -0.577442406 0.363349271 -0.301446753 0.666083651
40 -23.312188553 -27.102694584 -1.670616467 -0.637621959 0.265160460 -0.229340158 0.685952812
41 -15.406270682 -32.275177255 -0.897383071 -0.677124363 0.170367604 -0.148077435 0.700393139
42 -6.213189495 -33.908263630 0.382352847 -0.706782858 0.076943077 -0.057858864 0.700849560
43 2.768738092 -37.643532863 -0.359205670 -0.704065457 -0.014379733 0.027073067 0.709473118
44 13.122506723 -35.010696981 0.408058228 -0.702103894 -0.115365822 0.126087774 0.691261689
45 21.240094747 -29.772469683 0.996221432 -0.687498164 -0.204093419 0.217071356 0.662247821
46 27.884108299 -22.844781586 1.050924658 -0.655520847 -0.292126120 0.304105608 0.626477876
47 31.899215856 -14.959535330 0.960565672 -0.615116069 -0.367865320 0.383878455 0.582189540
48 35.471687428 -6.664357990 0.786811738 -0.563594741 -0.440251913 0.457377382 0.528531127
49 36.518152657 2.648383776 0.664767917 -0.502514167 -0.507294397 0.524610949 0.463589537
50 34.851634903 12.499164770 0.293950973 -0.428231498 -0.567125838 0.587274631 0.387420413
51 30.224076937 20.406756943 0.046343039 -0.353142281 -0.613793513 0.634137497 0.310511976
52 24.624555074 27.749372405 -0.134752580 -0.272612924 -0.651859527 0.670116528 0.227387753
53 16.945275607 33.124343096 -0.212799205 -0.188169773 -0.680361261 0.694396740 0.139692014
54 8.261944282 37.928456040 -0.154964284 -0.100512343 -0.699798415 0.705738639 0.045961080
55 -2.364101955 36.394855242 -0.131163195 0.005497251 0.706752544 -0.705282988 0.055195375
56 -12.271534179 37.063512796 0.091875574 -0.078478976 0.705183346 -0.688205127 0.151430515
57 -22.323172742 32.446153775 0.732916175 -0.160162830 0.697178363 -0.647696876 0.262257420
58 -28.262364499 24.371717739 1.517188888 -0.208101535 0.692062374 -0.581712047 0.373302179
59 -36.365854428 15.503111262 2.383000642 -0.190716251 0.703679079 -0.418283238 0.541758431
60 -36.064734447 6.362408570 3.180511205 0.550327883 0.492229109 0.418477210 0.528891814
61 -36.798398634 -2.929995062 3.987368058 0.710294241 -0.224854639 0.617011932 -0.253414202
62 -34.635253710 -11.978674849 5.208773005 0.707332405 -0.268719550 0.500344088 -0.420863951
63 -30.123239203 -20.388648125 6.210718374 -0.731218883 0.227978706 -0.398631917 0.504417734
64 -24.773693688 -27.834241966 6.939296117 -0.752054140 0.167352030 -0.307980230 0.558172058
65 -16.579865716 -33.247326868 7.546068446 -0.770024603 0.090863005 -0.211111926 0.595178779
66 -7.058761036 -36.622857797 8.185024766 -0.780300741 0.006102779 -0.111367330 0.615378605
67 3.041963338 -37.165738318 8.556311522 -0.778754505 -0.082247912 -0.013370757 0.621769993
68 12.799003264 -34.969607490 8.767617133 -0.766312671 -0.168992166 0.082512649 0.614327438
69 25.732838650 -32.450635864 9.569792058 -0.738414232 -0.266725072 0.189518608 0.589648078
70 32.309168624 -22.498322021 9.012744344 -0.698927274 -0.355498814 0.286090643 0.550702644
71 36.701678169 -12.711948184 8.507749988 -0.649390668 -0.434187653 0.369898107 0.502939591
72 37.271320143 -3.368387852 7.677101069 0.595246742 0.498918280 -0.438289272 -0.452398474
73 37.576755570 6.468152689 7.489297534 0.531461600 0.563219432 -0.500986997 -0.386451120
74 34.924240056 15.711113076 6.986444311 0.461227975 0.616807980 -0.554280598 -0.315578341
75 29.972921982 23.565091617 6.550008392 0.387694433 0.661680361 -0.595165781 -0.240103768
76 23.901336122 31.679742486 6.812407052 0.307484611 0.703073810 -0.623008333 -0.151660967
77 14.822693578 36.522896536 6.719107870 0.224705589 0.733250637 -0.639194146 -0.057286514
78 5.742101224 40.799090816 7.537653336 0.148965664 0.756732131 -0.635438798 0.037192026
79 -5.550097423 39.616945764 7.370459479 0.068342898 0.768356048 -0.618923152 0.147960683
80 -16.358383966 38.335353644 8.746510823 0.006159771 0.779403680 -0.571367049 0.256966257
81 -25.218602759 31.611517899 9.360349276 -0.030796441 0.784972708 -0.493601375 0.373131492
82 -34.224164088 23.672276697 10.905226246 -0.015028636 0.794049135 -0.346396197 0.499269252
83 -36.535876549 13.685160792 10.882260651 0.161312631 0.782332830 -0.084593866 0.595631980
84 -39.527475702 3.100647210 12.025228130 0.570391663 0.567792508 0.394408932 0.443516193
85 -37.813775552 -7.029661492 12.883974814 0.794165534 0.174641517 0.581988126 0.009553304
86 -34.956397298 -17.429693069 13.492985926 0.814705233 0.015230329 0.519561201 -0.257059486
87 -27.965338043 -25.048755816 14.181253058 0.823059310 -0.013100385 0.411599392 -0.391136411
88 -21.131443092 -32.146857564 15.117816656 0.826235347 0.012727526 0.312138676 -0.468767115
89 -11.425061302 -36.193106829 15.439135815 -0.826519547 -0.067742070 -0.208902577 0.518301229
90 -1.399012137 -36.338196868 15.209659655 -0.821507473 -0.131175276 -0.108670755 0.544159155
91 8.247407813 -37.407783593 16.586179631 -0.811487109 -0.199816991 -0.018464584 0.548835951
92 18.749354124 -34.506576171 17.217198036 -0.789467535 -0.278923551 0.077959228 0.541170049
93 29.456497794 -28.681531088 18.256900475 -0.757124472 -0.362886028 0.175922571 0.513933374
94 35.898147755 -19.038942678 17.489490508 0.712101178 0.439639656 -0.264708724 -0.479122298
95 41.017702370 -8.225352978 17.527450760 0.657739064 0.514794599 -0.346026863 -0.427353781
