0 29.999999998 0.000304222 -12.566360235 -0.391675691 -0.391680461 0.588719876 0.588715106
1 28.977692752 7.764877510 -12.304560542 -0.327507312 -0.450557563 0.645548310 0.522498059
2 25.980611571 15.000260744 -12.042761743 -0.254602134 -0.498911201 0.695051516 0.450742450
3 21.213001762 21.213405107 -11.780962944 -0.174199407 -0.535623222 0.736341615 0.374917800
4 14.999741973 25.980911084 -11.519163251 -0.087528458 -0.559563069 0.768849176 0.296814565
5 7.764298895 28.977847792 -11.257364452 0.004240069 -0.569490611 0.792374499 0.218643818
6 -0.000266194 29.999999999 -10.995565653 0.100077878 -0.563842410 0.807181714 0.143261426
7 -7.764840778 28.977702595 -10.733765960 0.199223272 -0.540250687 0.814162685 0.074688726
8 -15.000227812 25.980630585 -10.471967161 0.301337696 -0.494381847 0.815111127 0.019391583
9 -21.213378218 21.213028652 -10.210167468 0.406445951 -0.416781155 0.813013431 -0.010213676
10 -25.980892070 14.999774906 -9.948367774 0.512326774 -0.283094864 0.810645913 0.015224275
11 -28.977837950 7.764335627 -9.686568975 0.588012867 -0.024658566 0.789010390 0.176338957
12 -29.999999999 -0.000228166 -9.424770176 0.418402728 0.418426658 0.570013600 0.570037529
13 -28.977712438 -7.764804046 -9.162970483 -0.040513320 0.593551421 0.154685942 0.788750684
14 -25.980649599 -15.000194879 -8.901171684 -0.312917064 0.509763022 -0.021581585 0.801098501
15 -21.213055542 -21.213351328 -8.639372885 -0.451686376 0.397005164 -0.051366110 0.797325429
16 -14.999807839 -25.980873057 -8.377573192 -0.532074766 0.287080732 -0.022942759 0.796212739
17 -7.764372359 -28.977828108 -8.115774393 -0.580235553 0.180989647 0.032205489 0.793430688
18 0.000204444 -29.999999999 -7.853974700 -0.606038034 0.078012872 0.101071078 0.785121984
19 7.764753497 -28.977725983 -7.592175901 -0.613883409 -0.021866594 0.176975238 0.768992053
20 15.000161946 -25.980668613 -7.330376655 -0.606115745 -0.118077644 0.255776298 0.743814398
21 21.213334554 -21.213072316 -7.068577409 -0.584256295 -0.209702144 0.334510327 0.709064478
22 25.980846891 -14.999853161 -6.806778610 -0.549509258 -0.295643822 0.410845338 0.664710774
23 28.977818266 -7.764409091 -6.544978917 -0.502987052 -0.374737082 0.482844903 0.611094873
24 30.000000000 0.000152111 -6.283180118 -0.445814963 -0.445817458 0.548861800 0.548859306
25 28.977735825 7.764716765 -6.021380872 -0.379175783 -0.507771345 0.607494605 0.478899042
26 25.980687627 15.000129013 -5.759581625 -0.304323533 -0.559567509 0.657573234 0.402329258
27 21.213109322 21.213297549 -5.497782826 -0.222575622 -0.600276040 0.698163455 0.320463037
28 14.999886094 25.980827877 -5.235983580 -0.135287835 -0.629071009 0.728584412 0.234801238
29 7.764445823 28.977808424 -4.974183887 -0.043811429 -0.645208567 0.748441355 0.147044217
30 -0.000114083 30.000000000 -4.712385088 0.050582000 -0.647960711 0.757687453 0.059144741
31 -7.764680033 28.977745668 -4.450585842 0.146839527 -0.636446974 0.756749079 -0.026537421
32 -15.000096080 25.980706641 -4.188786596 0.244423148 -0.609192042 0.746817700 -0.106797489
33 -21.213275717 21.213131154 -3.926987350 0.344079918 -0.562772465 0.730649513 -0.176202870
34 -25.980808863 14.999919027 -3.665188327 0.450337913 -0.486374492 0.715257552 -0.221454853
35 -28.977796731 7.764489464 -3.403389305 0.581095122 -0.325525472 0.722922217 -0.183698378
36 -30.000000000 -0.000076055 -3.141590059 0.473234634 0.473258810 0.525380660 0.525404836
37 -28.977755510 -7.764643301 -2.879790813 -0.361441650 0.567082921 -0.222706956 0.705817615
38 -25.980729232 -15.000056953 -2.617991790 -0.523372351 0.427332875 -0.261404273 0.689300952
39 -21.213163101 -21.213243770 -2.356192544 -0.599911725 0.317736695 -0.215811860 0.701836560
40 -14.999951960 -25.980789849 -2.094393298 -0.646961808 0.215913455 -0.146354362 0.716520900
41 -7.764526196 -28.977786888 -1.832594164 -0.675258170 0.116361488 -0.066298397 0.725321260
42 0.000038028 -30.000000000 -1.570795029 -0.688136472 0.018002566 0.018970757 0.725109795
43 7.764603115 -28.977766278 -1.308995895 -0.687021077 -0.078779312 0.106255066 0.714496831
44 15.000024020 -25.980748246 -1.047196649 -0.672770328 -0.173024367 0.193167447 0.692913408
45 21.213216880 -21.213189991 -0.785397515 -0.646114349 -0.263535145 0.277699764 0.660278968
46 25.980769048 -14.999987990 -0.523598325 -0.607823443 -0.349034888 0.358068312 0.616856867
47 28.977776583 -7.764564655 -0.261799162 -0.558778544 -0.428256215 0.432657059 0.563179388
48 30.000000000 0.000000000 0.000000000 0.500000000 0.500000000 -0.500000000 -0.500000000
49 28.977776583 7.764564655 0.261799162 0.432657059 0.563179388 -0.558778544 -0.428256215
50 25.980769048 14.999987990 0.523598325 0.358068312 0.616856867 -0.607823443 -0.349034888
51 21.213216880 21.213189991 0.785397515 0.277699764 0.660278968 -0.646114349 -0.263535145
52 15.000024020 25.980748246 1.047196649 0.193167447 0.692913408 -0.672770328 -0.173024367
53 7.764603115 28.977766278 1.308995895 0.106255066 0.714496831 -0.687021077 -0.078779312
54 0.000038028 30.000000000 1.570795029 0.018970757 0.725109795 -0.688136472 0.018002566
55 -7.764526196 28.977786888 1.832594164 -0.066298397 0.725321260 -0.675258170 0.116361488
56 -14.999951960 25.980789849 2.094393298 -0.146354362 0.716520900 -0.646961808 0.215913455
57 -21.213163101 21.213243770 2.356192544 -0.215811860 0.701836560 -0.599911725 0.317736695
58 -25.980729232 15.000056953 2.617991790 -0.261404273 0.689300952 -0.523372351 0.427332875
59 -28.977755510 7.764643301 2.879790813 -0.222706956 0.705817615 -0.361441650 0.567082921
60 -30.000000000 0.000076055 3.141590059 0.525380660 0.525404836 0.473234634 0.473258810
61 -28.977796731 -7.764489464 3.403389305 0.722922217 -0.183698378 0.581095122 -0.325525472
62 -25.980808863 -14.999919027 3.665188327 0.715257552 -0.221454853 0.450337913 -0.486374492
63 -21.213275717 -21.213131154 3.926987350 -0.730649513 0.176202870 -0.344079918 0.562772465
64 -15.000096080 -25.980706641 4.188786596 -0.746817700 0.106797489 -0.244423148 0.609192042
65 -7.764680033 -28.977745668 4.450585842 -0.756749079 0.026537421 -0.146839527 0.636446974
66 -0.000114083 -30.000000000 4.712385088 -0.757687453 -0.059144741 -0.050582000 0.647960711
67 7.764445823 -28.977808424 4.974183887 -0.748441355 -0.147044217 0.043811429 0.645208567
68 14.999886094 -25.980827877 5.235983580 -0.728584412 -0.234801238 0.135287835 0.629071009
69 21.213109322 -21.213297549 5.497782826 -0.698163455 -0.320463037 0.222575622 0.600276040
70 25.980687627 -15.000129013 5.759581625 -0.657573234 -0.402329258 0.304323533 0.559567509
71 28.977735825 -7.764716765 6.021380872 -0.607494605 -0.478899042 0.379175783 0.507771345
72 30.000000000 -0.000152111 6.283180118 0.548861800 0.548859306 -0.445814963 -0.445817458
73 28.977818266 7.764409091 6.544978917 0.482844903 0.611094873 -0.502987052 -0.374737082
74 25.980846891 14.999853161 6.806778610 0.410845338 0.664710774 -0.549509258 -0.295643822
75 21.213334554 21.213072316 7.068577409 0.334510327 0.709064478 -0.584256295 -0.209702144
76 15.000161946 25.980668613 7.330376655 0.255776298 0.743814398 -0.606115745 -0.118077644
77 7.764753497 28.977725983 7.592175901 0.176975238 0.768992053 -0.613883409 -0.021866594
78 0.000204444 29.999999999 7.853974700 0.101071078 0.785121984 -0.606038034 0.078012872
79 -7.764372359 28.977828108 8.115774393 0.032205489 0.793430688 -0.580235553 0.180989647
80 -14.999807839 25.980873057 8.377573192 -0.022942759 0.796212739 -0.532074766 0.287080732
81 -21.213055542 21.213351328 8.639372885 -0.051366110 0.797325429 -0.451686376 0.397005164
82 -25.980649599 15.000194879 8.901171684 -0.021581585 0.801098501 -0.312917064 0.509763022
83 -28.977712438 7.764804046 9.162970483 0.154685942 0.788750684 -0.040513320 0.593551421
84 -29.999999999 0.000228166 9.424770176 0.570013600 0.570037529 0.418402728 0.418426658
85 -28.977837950 -7.764335627 9.686568975 0.789010390 0.176338957 0.588012867 -0.024658566
86 -25.980892070 -14.999774906 9.948367774 0.810645913 0.015224275 0.512326774 -0.283094864
87 -21.213378218 -21.213028652 10.210167468 0.813013431 -0.010213676 0.406445951 -0.416781155
88 -15.000227812 -25.980630585 10.471967161 0.815111127 0.019391583 0.301337696 -0.494381847
89 -7.764840778 -28.977702595 10.733765960 -0.814162685 -0.074688726 -0.199223272 0.540250687
90 -0.000266194 -29.999999999 10.995565653 -0.807181714 -0.143261426 -0.100077878 0.563842410
91 7.764298895 -28.977847792 11.257364452 -0.792374499 -0.218643818 -0.004240069 0.569490611
92 14.999741973 -25.980911084 11.519163251 -0.768849176 -0.296814565 0.087528458 0.559563069
93 21.213001762 -21.213405107 11.780962944 -0.736341615 -0.374917800 0.174199407 0.535623222
94 25.980611571 -15.000260744 12.042761743 0.695051516 0.450742450 -0.254602134 -0.498911201
95 28.977692752 -7.764877510 12.304560542 0.645548310 0.522498059 -0.327507312 -0.450557563
